0 0 255 255 255
0 1 255 255 255
0 2 255 255 255
0 3 255 255 255
0 4 255 255 255
0 5 255 255 255
0 6 255 255 255
0 7 255 255 255
0 8 255 255 255
0 9 255 255 255
0 10 255 255 255
0 11 255 255 255
0 12 255 255 255
0 13 255 255 255
0 14 255 255 255
0 15 255 255 255
0 16 255 255 255
0 17 255 255 255
0 18 255 255 255
0 19 255 255 255
0 20 255 255 255
0 21 255 255 255
0 22 255 255 255
0 23 255 255 255
0 24 255 255 255
0 25 255 255 255
0 26 255 255 255
0 27 255 255 255
0 28 255 255 255
0 29 255 255 255
0 30 255 255 255
0 31 255 255 255
1 0 255 255 255
1 1 255 255 255
1 2 255 255 255
1 3 255 255 255
1 4 255 255 255
1 5 255 255 255
1 6 255 255 255
1 7 255 255 255
1 8 255 255 255
1 9 255 255 255
1 10 255 255 255
1 11 255 255 255
1 12 255 255 255
1 13 255 255 255
1 14 255 255 255
1 15 0 0 0
1 16 255 255 255
1 17 0 0 0
1 18 255 255 255
1 19 0 0 0
1 20 0 0 0
1 21 0 0 0
1 22 255 255 255
1 23 255 255 255
1 24 255 255 255
1 25 255 255 255
1 26 255 255 255
1 27 255 255 255
1 28 255 255 255
1 29 255 255 255
1 30 255 255 255
1 31 255 255 255
2 0 255 255 255
2 1 255 255 255
2 2 255 255 255
2 3 255 255 255
2 4 255 255 255
2 5 255 255 255
2 6 255 255 255
2 7 255 255 255
2 8 255 255 255
2 9 255 255 255
2 10 255 255 255
2 11 0 0 0
2 12 255 255 255
2 13 0 0 0
2 14 255 255 255
2 15 0 0 0
2 16 0 0 0
2 17 0 0 0
2 18 0 0 0
2 19 0 0 0
2 20 255 211 26
2 21 0 0 0
2 22 255 255 255
2 23 255 255 255
2 24 255 255 255
2 25 255 255 255
2 26 255 255 255
2 27 255 255 255
2 28 255 255 255
2 29 255 255 255
2 30 255 255 255
2 31 255 255 255
3 0 255 255 255
3 1 255 255 255
3 2 255 255 255
3 3 255 255 255
3 4 255 255 255
3 5 255 255 255
3 6 255 255 255
3 7 0 0 0
3 8 255 255 255
3 9 0 0 0
3 10 255 255 255
3 11 0 0 0
3 12 0 0 0
3 13 0 0 0
3 14 0 0 0
3 15 255 211 26
3 16 0 0 0
3 17 255 211 26
3 18 0 0 0
3 19 255 211 26
3 20 255 211 26
3 21 0 0 0
3 22 255 255 255
3 23 255 255 255
3 24 255 255 255
3 25 255 255 255
3 26 255 255 255
3 27 255 255 255
3 28 255 255 255
3 29 255 255 255
3 30 255 255 255
3 31 255 255 255
4 0 255 255 255
4 1 255 255 255
4 2 255 255 255
4 3 255 255 255
4 4 255 255 255
4 5 0 0 0
4 6 255 255 255
4 7 0 0 0
4 8 0 0 0
4 9 0 0 0
4 10 0 0 0
4 11 255 211 26
4 12 0 0 0
4 13 255 211 26
4 14 0 0 0
4 15 255 211 26
4 16 255 211 26
4 17 255 211 26
4 18 255 211 26
4 19 255 211 26
4 20 255 211 26
4 21 0 0 0
4 22 255 255 255
4 23 255 255 255
4 24 255 255 255
4 25 255 255 255
4 26 255 255 255
4 27 255 255 255
4 28 255 255 255
4 29 255 255 255
4 30 255 255 255
4 31 255 255 255
5 0 255 255 255
5 1 255 255 255
5 2 255 255 255
5 3 255 255 255
5 4 255 255 255
5 5 0 0 0
5 6 0 0 0
5 7 255 211 26
5 8 0 0 0
5 9 255 211 26
5 10 0 0 0
5 11 255 211 26
5 12 255 211 26
5 13 255 211 26
5 14 255 211 26
5 15 255 211 26
5 16 255 211 26
5 17 255 211 26
5 18 255 211 26
5 19 255 211 26
5 20 255 211 26
5 21 0 0 0
5 22 0 0 0
5 23 255 255 255
5 24 255 255 255
5 25 255 255 255
5 26 255 255 255
5 27 255 255 255
5 28 255 255 255
5 29 255 255 255
5 30 255 255 255
5 31 255 255 255
6 0 255 255 255
6 1 255 255 255
6 2 255 255 255
6 3 255 255 255
6 4 255 255 255
6 5 255 255 255
6 6 0 0 0
6 7 255 211 26
6 8 255 211 26
6 9 255 211 26
6 10 255 211 26
6 11 255 211 26
6 12 255 211 26
6 13 255 211 26
6 14 255 211 26
6 15 255 211 26
6 16 255 211 26
6 17 255 211 26
6 18 255 211 26
6 19 255 211 26
6 20 255 211 26
6 21 255 211 26
6 22 0 0 0
6 23 255 255 255
6 24 255 255 255
6 25 255 255 255
6 26 255 255 255
6 27 255 255 255
6 28 255 255 255
6 29 255 255 255
6 30 255 255 255
6 31 255 255 255
7 0 255 255 255
7 1 255 255 255
7 2 255 255 255
7 3 255 255 255
7 4 255 255 255
7 5 255 255 255
7 6 0 0 0
7 7 255 211 26
7 8 255 211 26
7 9 255 211 26
7 10 255 211 26
7 11 255 211 26
7 12 255 211 26
7 13 255 211 26
7 14 255 211 26
7 15 255 211 26
7 16 255 211 26
7 17 255 211 26
7 18 255 211 26
7 19 255 211 26
7 20 255 211 26
7 21 255 211 26
7 22 0 0 0
7 23 255 255 255
7 24 255 255 255
7 25 255 255 255
7 26 255 255 255
7 27 255 255 255
7 28 255 255 255
7 29 255 255 255
7 30 255 255 255
7 31 255 255 255
8 0 255 255 255
8 1 255 255 255
8 2 255 255 255
8 3 255 255 255
8 4 255 255 255
8 5 255 255 255
8 6 255 255 255
8 7 0 0 0
8 8 255 211 26
8 9 255 211 26
8 10 255 211 26
8 11 255 211 26
8 12 255 211 26
8 13 255 211 26
8 14 255 211 26
8 15 255 211 26
8 16 255 211 26
8 17 255 211 26
8 18 255 211 26
8 19 255 211 26
8 20 255 211 26
8 21 255 211 26
8 22 0 0 0
8 23 255 255 255
8 24 255 255 255
8 25 255 255 255
8 26 255 255 255
8 27 255 255 255
8 28 255 255 255
8 29 255 255 255
8 30 255 255 255
8 31 255 255 255
9 0 255 255 255
9 1 255 255 255
9 2 255 255 255
9 3 255 255 255
9 4 255 255 255
9 5 255 255 255
9 6 255 255 255
9 7 0 0 0
9 8 255 211 26
9 9 255 211 26
9 10 255 211 26
9 11 255 211 26
9 12 255 211 26
9 13 255 211 26
9 14 255 211 26
9 15 255 211 26
9 16 255 211 26
9 17 255 211 26
9 18 255 211 26
9 19 255 211 26
9 20 255 211 26
9 21 255 211 26
9 22 0 0 0
9 23 0 0 0
9 24 255 255 255
9 25 255 255 255
9 26 255 255 255
9 27 255 255 255
9 28 255 255 255
9 29 255 255 255
9 30 255 255 255
9 31 255 255 255
10 0 255 255 255
10 1 255 255 255
10 2 255 255 255
10 3 255 255 255
10 4 255 255 255
10 5 255 255 255
10 6 255 255 255
10 7 0 0 0
10 8 255 211 26
10 9 255 211 26
10 10 255 211 26
10 11 255 211 26
10 12 255 211 26
10 13 255 211 26
10 14 255 211 26
10 15 255 211 26
10 16 255 211 26
10 17 255 211 26
10 18 255 211 26
10 19 255 211 26
10 20 255 211 26
10 21 255 211 26
10 22 255 211 26
10 23 0 0 0
10 24 255 255 255
10 25 255 255 255
10 26 255 255 255
10 27 255 255 255
10 28 255 255 255
10 29 255 255 255
10 30 255 255 255
10 31 255 255 255
11 0 255 255 255
11 1 255 255 255
11 2 255 255 255
11 3 255 255 255
11 4 255 255 255
11 5 255 255 255
11 6 255 255 255
11 7 255 255 255
11 8 0 0 0
11 9 255 211 26
11 10 255 211 26
11 11 255 211 26
11 12 255 211 26
11 13 255 211 26
11 14 255 211 26
11 15 255 211 26
11 16 0 0 0
11 17 0 0 0
11 18 0 0 0
11 19 0 0 0
11 20 255 211 26
11 21 0 0 0
11 22 0 0 0
11 23 0 0 0
11 24 0 0 0
11 25 255 255 255
11 26 255 255 255
11 27 255 255 255
11 28 255 255 255
11 29 255 255 255
11 30 255 255 255
11 31 255 255 255
12 0 255 255 255
12 1 255 255 255
12 2 255 255 255
12 3 255 255 255
12 4 255 255 255
12 5 255 255 255
12 6 255 255 255
12 7 255 255 255
12 8 0 0 0
12 9 255 211 26
12 10 255 211 26
12 11 255 211 26
12 12 255 211 26
12 13 255 211 26
12 14 255 211 26
12 15 0 0 0
12 16 255 255 255
12 17 255 255 255
12 18 255 255 255
12 19 255 255 255
12 20 0 0 0
12 21 255 255 255
12 22 255 255 255
12 23 255 255 255
12 24 255 255 255
12 25 0 0 0
12 26 255 255 255
12 27 255 255 255
12 28 255 255 255
12 29 255 255 255
12 30 255 255 255
12 31 255 255 255
13 0 255 255 255
13 1 255 255 255
13 2 255 255 255
13 3 255 255 255
13 4 255 255 255
13 5 255 255 255
13 6 255 255 255
13 7 255 255 255
13 8 0 0 0
13 9 255 211 26
13 10 255 211 26
13 11 255 211 26
13 12 255 211 26
13 13 255 211 26
13 14 0 0 0
13 15 255 255 255
13 16 255 255 255
13 17 255 255 255
13 18 255 255 255
13 19 255 255 255
13 20 0 0 0
13 21 255 255 255
13 22 255 255 255
13 23 0 0 0
13 24 255 255 255
13 25 0 0 0
13 26 255 255 255
13 27 255 255 255
13 28 255 255 255
13 29 255 255 255
13 30 255 255 255
13 31 255 255 255
14 0 255 255 255
14 1 255 255 255
14 2 255 255 255
14 3 255 255 255
14 4 255 255 255
14 5 255 255 255
14 6 255 255 255
14 7 255 255 255
14 8 255 255 255
14 9 0 0 0
14 10 255 211 26
14 11 255 211 26
14 12 255 211 26
14 13 255 211 26
14 14 0 0 0
14 15 255 255 255
14 16 255 255 255
14 17 255 255 255
14 18 255 255 255
14 19 255 255 255
14 20 255 255 255
14 21 0 0 0
14 22 255 255 255
14 23 255 255 255
14 24 255 255 255
14 25 0 0 0
14 26 255 255 255
14 27 255 255 255
14 28 255 255 255
14 29 255 255 255
14 30 255 255 255
14 31 255 255 255
15 0 255 255 255
15 1 255 255 255
15 2 255 255 255
15 3 255 255 255
15 4 255 255 255
15 5 255 255 255
15 6 255 255 255
15 7 255 255 255
15 8 255 255 255
15 9 0 0 0
15 10 255 211 26
15 11 255 211 26
15 12 255 211 26
15 13 255 211 26
15 14 0 0 0
15 15 255 255 255
15 16 0 0 0
15 17 255 255 255
15 18 255 255 255
15 19 255 255 255
15 20 255 255 255
15 21 0 0 0
15 22 0 0 0
15 23 0 0 0
15 24 0 0 0
15 25 0 0 0
15 26 255 255 255
15 27 255 255 255
15 28 255 255 255
15 29 255 255 255
15 30 255 255 255
15 31 255 255 255
16 0 255 255 255
16 1 255 255 255
16 2 255 255 255
16 3 255 255 255
16 4 255 255 255
16 5 255 255 255
16 6 255 255 255
16 7 255 255 255
16 8 255 255 255
16 9 0 0 0
16 10 0 0 0
16 11 255 211 26
16 12 255 211 26
16 13 255 211 26
16 14 0 0 0
16 15 255 255 255
16 16 255 255 255
16 17 255 255 255
16 18 255 255 255
16 19 255 255 255
16 20 255 255 255
16 21 0 0 0
16 22 255 211 26
16 23 255 211 26
16 24 255 211 26
16 25 0 0 0
16 26 255 255 255
16 27 255 255 255
16 28 255 255 255
16 29 255 255 255
16 30 255 255 255
16 31 255 255 255
17 0 255 255 255
17 1 255 255 255
17 2 255 255 255
17 3 255 255 255
17 4 255 255 255
17 5 255 255 255
17 6 255 255 255
17 7 255 255 255
17 8 0 0 0
17 9 255 211 26
17 10 255 211 26
17 11 0 0 0
17 12 255 211 26
17 13 255 211 26
17 14 255 211 26
17 15 0 0 0
17 16 255 255 255
17 17 255 255 255
17 18 255 255 255
17 19 255 255 255
17 20 0 0 0
17 21 255 211 26
17 22 255 211 26
17 23 255 211 26
17 24 255 211 26
17 25 0 0 0
17 26 255 255 255
17 27 255 255 255
17 28 255 255 255
17 29 255 255 255
17 30 255 255 255
17 31 255 255 255
18 0 255 255 255
18 1 255 255 255
18 2 255 255 255
18 3 255 255 255
18 4 255 255 255
18 5 255 255 255
18 6 255 255 255
18 7 255 255 255
18 8 0 0 0
18 9 255 211 26
18 10 0 0 0
18 11 255 211 26
18 12 255 211 26
18 13 255 211 26
18 14 255 211 26
18 15 255 211 26
18 16 0 0 0
18 17 0 0 0
18 18 0 0 0
18 19 0 0 0
18 20 255 211 26
18 21 255 211 26
18 22 0 0 0
18 23 0 0 0
18 24 0 0 0
18 25 255 255 255
18 26 255 255 255
18 27 255 255 255
18 28 255 255 255
18 29 255 255 255
18 30 255 255 255
18 31 255 255 255
19 0 255 255 255
19 1 255 255 255
19 2 255 255 255
19 3 255 255 255
19 4 255 255 255
19 5 255 255 255
19 6 255 255 255
19 7 255 255 255
19 8 255 255 255
19 9 0 0 0
19 10 255 211 26
19 11 0 0 0
19 12 255 211 26
19 13 255 211 26
19 14 255 211 26
19 15 255 211 26
19 16 255 211 26
19 17 255 211 26
19 18 255 211 26
19 19 255 211 26
19 20 255 211 26
19 21 255 211 26
19 22 255 211 26
19 23 255 211 26
19 24 0 0 0
19 25 255 255 255
19 26 255 255 255
19 27 255 255 255
19 28 255 255 255
19 29 255 255 255
19 30 255 255 255
19 31 255 255 255
20 0 255 255 255
20 1 255 255 255
20 2 255 255 255
20 3 255 255 255
20 4 255 255 255
20 5 255 255 255
20 6 255 255 255
20 7 255 255 255
20 8 255 255 255
20 9 255 255 255
20 10 0 0 0
20 11 255 211 26
20 12 255 211 26
20 13 255 211 26
20 14 0 0 0
20 15 255 211 26
20 16 255 211 26
20 17 255 211 26
20 18 255 211 26
20 19 255 211 26
20 20 255 211 26
20 21 255 211 26
20 22 255 211 26
20 23 255 211 26
20 24 255 211 26
20 25 0 0 0
20 26 255 255 255
20 27 255 255 255
20 28 255 255 255
20 29 255 255 255
20 30 255 255 255
20 31 255 255 255
21 0 255 255 255
21 1 255 255 255
21 2 255 255 255
21 3 255 255 255
21 4 255 255 255
21 5 255 255 255
21 6 255 255 255
21 7 255 255 255
21 8 255 255 255
21 9 255 255 255
21 10 0 0 0
21 11 255 211 26
21 12 255 211 26
21 13 0 0 0
21 14 0 0 0
21 15 0 0 0
21 16 255 211 26
21 17 255 211 26
21 18 255 211 26
21 19 255 211 26
21 20 255 211 26
21 21 255 211 26
21 22 255 211 26
21 23 255 211 26
21 24 255 211 26
21 25 0 0 0
21 26 255 255 255
21 27 255 255 255
21 28 255 255 255
21 29 255 255 255
21 30 255 255 255
21 31 255 255 255
22 0 255 255 255
22 1 255 255 255
22 2 255 255 255
22 3 255 255 255
22 4 255 255 255
22 5 255 255 255
22 6 255 255 255
22 7 255 255 255
22 8 255 255 255
22 9 255 255 255
22 10 0 0 0
22 11 255 211 26
22 12 255 211 26
22 13 255 211 26
22 14 255 211 26
22 15 255 211 26
22 16 0 0 0
22 17 0 0 0
22 18 0 0 0
22 19 0 0 0
22 20 0 0 0
22 21 0 0 0
22 22 0 0 0
22 23 0 0 0
22 24 0 0 0
22 25 255 255 255
22 26 255 255 255
22 27 255 255 255
22 28 255 255 255
22 29 255 255 255
22 30 255 255 255
22 31 255 255 255
23 0 255 255 255
23 1 255 255 255
23 2 255 255 255
23 3 255 255 255
23 4 255 255 255
23 5 255 255 255
23 6 255 255 255
23 7 255 255 255
23 8 255 255 255
23 9 255 255 255
23 10 0 0 0
23 11 255 211 26
23 12 255 211 26
23 13 255 211 26
23 14 255 211 26
23 15 255 211 26
23 16 255 211 26
23 17 255 211 26
23 18 255 211 26
23 19 255 211 26
23 20 0 0 0
23 21 255 255 255
23 22 255 255 255
23 23 255 255 255
23 24 255 255 255
23 25 255 255 255
23 26 255 255 255
23 27 255 255 255
23 28 255 255 255
23 29 255 255 255
23 30 255 255 255
23 31 255 255 255
24 0 255 255 255
24 1 255 255 255
24 2 255 255 255
24 3 255 255 255
24 4 255 255 255
24 5 255 255 255
24 6 255 255 255
24 7 255 255 255
24 8 255 255 255
24 9 255 255 255
24 10 0 0 0
24 11 255 211 26
24 12 255 211 26
24 13 255 211 26
24 14 255 211 26
24 15 255 211 26
24 16 255 211 26
24 17 255 211 26
24 18 0 0 0
24 19 0 0 0
24 20 255 255 255
24 21 255 255 255
24 22 255 255 255
24 23 255 255 255
24 24 255 255 255
24 25 255 255 255
24 26 255 255 255
24 27 255 255 255
24 28 255 255 255
24 29 255 255 255
24 30 255 255 255
24 31 255 255 255
25 0 255 255 255
25 1 255 255 255
25 2 255 255 255
25 3 255 255 255
25 4 255 255 255
25 5 255 255 255
25 6 255 255 255
25 7 255 255 255
25 8 255 255 255
25 9 0 0 0
25 10 0 0 0
25 11 255 211 26
25 12 255 211 26
25 13 255 211 26
25 14 255 211 26
25 15 255 211 26
25 16 255 211 26
25 17 0 0 0
25 18 255 255 255
25 19 255 255 255
25 20 255 255 255
25 21 255 255 255
25 22 255 255 255
25 23 255 255 255
25 24 255 255 255
25 25 255 255 255
25 26 255 255 255
25 27 255 255 255
25 28 255 255 255
25 29 255 255 255
25 30 255 255 255
25 31 255 255 255
26 0 255 255 255
26 1 255 255 255
26 2 255 255 255
26 3 255 255 255
26 4 255 255 255
26 5 255 255 255
26 6 255 255 255
26 7 255 255 255
26 8 0 0 0
26 9 240 75 41
26 10 240 75 41
26 11 0 0 0
26 12 255 211 26
26 13 255 211 26
26 14 255 211 26
26 15 0 0 0
26 16 0 0 0
26 17 0 0 0
26 18 255 255 255
26 19 255 255 255
26 20 255 255 255
26 21 255 255 255
26 22 255 255 255
26 23 255 255 255
26 24 255 255 255
26 25 255 255 255
26 26 255 255 255
26 27 255 255 255
26 28 255 255 255
26 29 255 255 255
26 30 255 255 255
26 31 255 255 255
27 0 255 255 255
27 1 255 255 255
27 2 255 255 255
27 3 255 255 255
27 4 255 255 255
27 5 255 255 255
27 6 255 255 255
27 7 0 0 0
27 8 240 75 41
27 9 240 75 41
27 10 240 75 41
27 11 240 75 41
27 12 0 0 0
27 13 0 0 0
27 14 0 0 0
27 15 240 75 41
27 16 240 75 41
27 17 240 75 41
27 18 0 0 0
27 19 255 255 255
27 20 255 255 255
27 21 255 255 255
27 22 255 255 255
27 23 255 255 255
27 24 255 255 255
27 25 255 255 255
27 26 255 255 255
27 27 255 255 255
27 28 255 255 255
27 29 255 255 255
27 30 255 255 255
27 31 255 255 255
28 0 255 255 255
28 1 255 255 255
28 2 255 255 255
28 3 255 255 255
28 4 255 255 255
28 5 255 255 255
28 6 0 0 0
28 7 0 0 0
28 8 0 0 0
28 9 240 75 41
28 10 240 75 41
28 11 240 75 41
28 12 240 75 41
28 13 240 75 41
28 14 240 75 41
28 15 240 75 41
28 16 240 75 41
28 17 240 75 41
28 18 240 75 41
28 19 0 0 0
28 20 255 255 255
28 21 255 255 255
28 22 255 255 255
28 23 255 255 255
28 24 255 255 255
28 25 255 255 255
28 26 255 255 255
28 27 255 255 255
28 28 255 255 255
28 29 255 255 255
28 30 255 255 255
28 31 255 255 255
29 0 255 255 255
29 1 255 255 255
29 2 255 255 255
29 3 255 255 255
29 4 255 255 255
29 5 0 0 0
29 6 240 75 41
29 7 240 75 41
29 8 240 75 41
29 9 0 0 0
29 10 240 75 41
29 11 240 75 41
29 12 240 75 41
29 13 240 75 41
29 14 240 75 41
29 15 240 75 41
29 16 240 75 41
29 17 240 75 41
29 18 240 75 41
29 19 0 0 0
29 20 0 0 0
29 21 255 255 255
29 22 255 255 255
29 23 255 255 255
29 24 255 255 255
29 25 255 255 255
29 26 255 255 255
29 27 255 255 255
29 28 255 255 255
29 29 255 255 255
29 30 255 255 255
29 31 255 255 255
30 0 255 255 255
30 1 255 255 255
30 2 255 255 255
30 3 255 255 255
30 4 255 255 255
30 5 0 0 0
30 6 240 75 41
30 7 240 75 41
30 8 240 75 41
30 9 0 0 0
30 10 240 75 41
30 11 240 75 41
30 12 240 75 41
30 13 240 75 41
30 14 240 75 41
30 15 240 75 41
30 16 240 75 41
30 17 240 75 41
30 18 240 75 41
30 19 240 75 41
30 20 0 0 0
30 21 255 255 255
30 22 255 255 255
30 23 255 255 255
30 24 255 255 255
30 25 255 255 255
30 26 255 255 255
30 27 255 255 255
30 28 255 255 255
30 29 255 255 255
30 30 255 255 255
30 31 255 255 255
31 0 255 255 255
31 1 255 255 255
31 2 255 255 255
31 3 255 255 255
31 4 255 255 255
31 5 0 0 0
31 6 240 75 41
31 7 240 75 41
31 8 240 75 41
31 9 0 0 0
31 10 240 75 41
31 11 240 75 41
31 12 240 75 41
31 13 240 75 41
31 14 240 75 41
31 15 240 75 41
31 16 240 75 41
31 17 240 75 41
31 18 240 75 41
31 19 240 75 41
31 20 0 0 0
31 21 0 0 0
31 22 255 255 255
31 23 255 255 255
31 24 255 255 255
31 25 255 255 255
31 26 255 255 255
31 27 255 255 255
31 28 255 255 255
31 29 255 255 255
31 30 255 255 255
31 31 255 255 255
