0 0 255 255 255
0 1 255 255 255
0 2 255 255 255
0 3 255 255 255
0 4 255 255 255
0 5 255 255 255
0 6 255 255 255
0 7 255 255 255
0 8 255 255 255
0 9 255 255 255
0 10 255 255 255
0 11 255 255 255
0 12 255 255 255
0 13 255 255 255
0 14 255 255 255
0 15 255 255 255
0 16 255 255 255
0 17 255 255 255
0 18 255 255 255
0 19 255 255 255
0 20 255 255 255
0 21 255 255 255
0 22 255 255 255
0 23 255 255 255
0 24 255 255 255
0 25 255 255 255
0 26 255 255 255
0 27 255 255 255
0 28 255 255 255
0 29 255 255 255
0 30 255 255 255
0 31 255 255 255
1 0 255 255 255
1 1 255 255 255
1 2 0 92 178
1 3 0 92 178
1 4 0 92 178
1 5 0 92 178
1 6 0 92 178
1 7 0 92 178
1 8 0 92 178
1 9 0 92 178
1 10 0 92 178
1 11 0 92 178
1 12 0 92 178
1 13 0 92 178
1 14 0 92 178
1 15 0 92 178
1 16 0 92 178
1 17 0 92 178
1 18 0 92 178
1 19 0 92 178
1 20 0 92 178
1 21 0 92 178
1 22 0 92 178
1 23 0 92 178
1 24 0 92 178
1 25 0 92 178
1 26 0 92 178
1 27 0 92 178
1 28 0 92 178
1 29 0 92 178
1 30 255 255 255
1 31 255 255 255
2 0 255 255 255
2 1 0 92 178
2 2 0 92 178
2 3 0 92 178
2 4 0 92 178
2 5 0 92 178
2 6 0 92 178
2 7 0 92 178
2 8 0 92 178
2 9 0 92 178
2 10 0 92 178
2 11 0 92 178
2 12 0 92 178
2 13 0 92 178
2 14 0 92 178
2 15 0 92 178
2 16 0 92 178
2 17 0 92 178
2 18 0 92 178
2 19 0 92 178
2 20 0 92 178
2 21 0 92 178
2 22 0 92 178
2 23 0 92 178
2 24 0 92 178
2 25 0 92 178
2 26 0 92 178
2 27 0 92 178
2 28 0 92 178
2 29 0 92 178
2 30 0 92 178
2 31 255 255 255
3 0 255 255 255
3 1 0 92 178
3 2 0 92 178
3 3 0 92 178
3 4 0 92 178
3 5 255 255 255
3 6 255 255 255
3 7 255 255 255
3 8 255 255 255
3 9 255 255 255
3 10 255 255 255
3 11 255 255 255
3 12 255 255 255
3 13 255 255 255
3 14 255 255 255
3 15 0 92 178
3 16 0 92 178
3 17 0 92 178
3 18 255 255 255
3 19 255 255 255
3 20 255 255 255
3 21 255 255 255
3 22 255 255 255
3 23 255 255 255
3 24 255 255 255
3 25 255 255 255
3 26 255 255 255
3 27 0 92 178
3 28 0 92 178
3 29 0 92 178
3 30 0 92 178
3 31 255 255 255
4 0 255 255 255
4 1 0 92 178
4 2 0 92 178
4 3 0 92 178
4 4 255 255 255
4 5 255 255 255
4 6 255 255 255
4 7 255 255 255
4 8 255 255 255
4 9 255 255 255
4 10 255 255 255
4 11 255 255 255
4 12 255 255 255
4 13 255 255 255
4 14 255 255 255
4 15 0 92 178
4 16 0 92 178
4 17 255 255 255
4 18 255 255 255
4 19 255 255 255
4 20 255 255 255
4 21 255 255 255
4 22 255 255 255
4 23 255 255 255
4 24 255 255 255
4 25 255 255 255
4 26 255 255 255
4 27 255 255 255
4 28 0 92 178
4 29 0 92 178
4 30 0 92 178
4 31 255 255 255
5 0 255 255 255
5 1 0 92 178
5 2 0 92 178
5 3 0 92 178
5 4 255 255 255
5 5 255 255 255
5 6 255 255 255
5 7 0 92 178
5 8 0 92 178
5 9 0 92 178
5 10 0 92 178
5 11 0 92 178
5 12 0 92 178
5 13 0 92 178
5 14 0 92 178
5 15 0 92 178
5 16 0 92 178
5 17 255 255 255
5 18 255 255 255
5 19 255 255 255
5 20 0 92 178
5 21 0 92 178
5 22 0 92 178
5 23 0 92 178
5 24 0 92 178
5 25 255 255 255
5 26 255 255 255
5 27 255 255 255
5 28 0 92 178
5 29 0 92 178
5 30 0 92 178
5 31 255 255 255
6 0 255 255 255
6 1 0 92 178
6 2 0 92 178
6 3 0 92 178
6 4 255 255 255
6 5 255 255 255
6 6 255 255 255
6 7 0 92 178
6 8 0 92 178
6 9 0 92 178
6 10 0 92 178
6 11 0 92 178
6 12 0 92 178
6 13 0 92 178
6 14 0 92 178
6 15 0 92 178
6 16 0 92 178
6 17 255 255 255
6 18 255 255 255
6 19 255 255 255
6 20 0 92 178
6 21 0 92 178
6 22 0 92 178
6 23 0 92 178
6 24 0 92 178
6 25 0 92 178
6 26 0 92 178
6 27 0 92 178
6 28 0 92 178
6 29 0 92 178
6 30 0 92 178
6 31 255 255 255
7 0 255 255 255
7 1 0 92 178
7 2 0 92 178
7 3 0 92 178
7 4 255 255 255
7 5 255 255 255
7 6 255 255 255
7 7 255 255 255
7 8 255 255 255
7 9 255 255 255
7 10 255 255 255
7 11 255 255 255
7 12 255 255 255
7 13 255 255 255
7 14 0 92 178
7 15 0 92 178
7 16 0 92 178
7 17 255 255 255
7 18 255 255 255
7 19 255 255 255
7 20 255 255 255
7 21 255 255 255
7 22 255 255 255
7 23 255 255 255
7 24 255 255 255
7 25 255 255 255
7 26 255 255 255
7 27 0 92 178
7 28 0 92 178
7 29 0 92 178
7 30 0 92 178
7 31 255 255 255
8 0 255 255 255
8 1 0 92 178
8 2 0 92 178
8 3 0 92 178
8 4 255 255 255
8 5 255 255 255
8 6 255 255 255
8 7 255 255 255
8 8 255 255 255
8 9 255 255 255
8 10 255 255 255
8 11 255 255 255
8 12 255 255 255
8 13 255 255 255
8 14 0 92 178
8 15 0 92 178
8 16 0 92 178
8 17 0 92 178
8 18 255 255 255
8 19 255 255 255
8 20 255 255 255
8 21 255 255 255
8 22 255 255 255
8 23 255 255 255
8 24 255 255 255
8 25 255 255 255
8 26 255 255 255
8 27 255 255 255
8 28 0 92 178
8 29 0 92 178
8 30 0 92 178
8 31 255 255 255
9 0 255 255 255
9 1 0 92 178
9 2 0 92 178
9 3 0 92 178
9 4 255 255 255
9 5 255 255 255
9 6 255 255 255
9 7 0 92 178
9 8 0 92 178
9 9 0 92 178
9 10 0 92 178
9 11 0 92 178
9 12 0 92 178
9 13 0 92 178
9 14 0 92 178
9 15 0 92 178
9 16 0 92 178
9 17 0 92 178
9 18 0 92 178
9 19 0 92 178
9 20 0 92 178
9 21 0 92 178
9 22 0 92 178
9 23 0 92 178
9 24 0 92 178
9 25 255 255 255
9 26 255 255 255
9 27 255 255 255
9 28 0 92 178
9 29 0 92 178
9 30 0 92 178
9 31 255 255 255
10 0 255 255 255
10 1 0 92 178
10 2 0 92 178
10 3 0 92 178
10 4 255 255 255
10 5 255 255 255
10 6 255 255 255
10 7 0 92 178
10 8 0 92 178
10 9 0 92 178
10 10 0 92 178
10 11 0 92 178
10 12 0 92 178
10 13 0 92 178
10 14 0 92 178
10 15 0 92 178
10 16 0 92 178
10 17 255 255 255
10 18 255 255 255
10 19 255 255 255
10 20 0 92 178
10 21 0 92 178
10 22 0 92 178
10 23 0 92 178
10 24 0 92 178
10 25 255 255 255
10 26 255 255 255
10 27 255 255 255
10 28 0 92 178
10 29 0 92 178
10 30 0 92 178
10 31 255 255 255
11 0 255 255 255
11 1 0 92 178
11 2 0 92 178
11 3 0 92 178
11 4 255 255 255
11 5 255 255 255
11 6 255 255 255
11 7 255 255 255
11 8 255 255 255
11 9 255 255 255
11 10 255 255 255
11 11 255 255 255
11 12 255 255 255
11 13 255 255 255
11 14 255 255 255
11 15 0 92 178
11 16 0 92 178
11 17 255 255 255
11 18 255 255 255
11 19 255 255 255
11 20 255 255 255
11 21 255 255 255
11 22 255 255 255
11 23 255 255 255
11 24 255 255 255
11 25 255 255 255
11 26 255 255 255
11 27 0 92 178
11 28 0 92 178
11 29 0 92 178
11 30 0 92 178
11 31 255 255 255
12 0 255 255 255
12 1 0 92 178
12 2 0 92 178
12 3 0 92 178
12 4 0 92 178
12 5 255 255 255
12 6 255 255 255
12 7 255 255 255
12 8 255 255 255
12 9 255 255 255
12 10 255 255 255
12 11 255 255 255
12 12 255 255 255
12 13 255 255 255
12 14 255 255 255
12 15 0 92 178
12 16 0 92 178
12 17 0 92 178
12 18 255 255 255
12 19 255 255 255
12 20 255 255 255
12 21 255 255 255
12 22 255 255 255
12 23 255 255 255
12 24 255 255 255
12 25 255 255 255
12 26 255 255 255
12 27 0 92 178
12 28 0 92 178
12 29 0 92 178
12 30 0 92 178
12 31 255 255 255
13 0 255 255 255
13 1 0 92 178
13 2 0 92 178
13 3 0 92 178
13 4 0 92 178
13 5 0 92 178
13 6 0 92 178
13 7 0 92 178
13 8 0 92 178
13 9 0 92 178
13 10 0 92 178
13 11 0 92 178
13 12 0 92 178
13 13 0 92 178
13 14 0 92 178
13 15 0 92 178
13 16 0 92 178
13 17 0 92 178
13 18 0 92 178
13 19 0 92 178
13 20 0 92 178
13 21 0 92 178
13 22 0 92 178
13 23 0 92 178
13 24 0 92 178
13 25 0 92 178
13 26 0 92 178
13 27 0 92 178
13 28 0 92 178
13 29 0 92 178
13 30 0 92 178
13 31 255 255 255
14 0 255 255 255
14 1 0 92 178
14 2 0 92 178
14 3 0 92 178
14 4 0 92 178
14 5 0 92 178
14 6 0 92 178
14 7 0 92 178
14 8 0 92 178
14 9 0 92 178
14 10 0 92 178
14 11 0 92 178
14 12 0 92 178
14 13 0 92 178
14 14 0 92 178
14 15 0 92 178
14 16 0 92 178
14 17 0 92 178
14 18 0 92 178
14 19 0 92 178
14 20 0 92 178
14 21 0 92 178
14 22 0 92 178
14 23 0 92 178
14 24 0 92 178
14 25 0 92 178
14 26 0 92 178
14 27 0 92 178
14 28 0 92 178
14 29 0 92 178
14 30 0 92 178
14 31 255 255 255
15 0 255 255 255
15 1 0 92 178
15 2 0 92 178
15 3 0 92 178
15 4 0 92 178
15 5 255 255 255
15 6 255 255 255
15 7 255 255 255
15 8 255 255 255
15 9 0 92 178
15 10 255 255 255
15 11 255 255 255
15 12 255 255 255
15 13 255 255 255
15 14 0 92 178
15 15 0 92 178
15 16 0 92 178
15 17 0 92 178
15 18 255 255 255
15 19 255 255 255
15 20 255 255 255
15 21 255 255 255
15 22 255 255 255
15 23 255 255 255
15 24 255 255 255
15 25 255 255 255
15 26 255 255 255
15 27 255 255 255
15 28 0 92 178
15 29 0 92 178
15 30 0 92 178
15 31 255 255 255
16 0 255 255 255
16 1 0 92 178
16 2 0 92 178
16 3 0 92 178
16 4 255 255 255
16 5 255 255 255
16 6 255 255 255
16 7 255 255 255
16 8 255 255 255
16 9 255 255 255
16 10 255 255 255
16 11 255 255 255
16 12 255 255 255
16 13 255 255 255
16 14 255 255 255
16 15 0 92 178
16 16 0 92 178
16 17 255 255 255
16 18 255 255 255
16 19 255 255 255
16 20 255 255 255
16 21 255 255 255
16 22 255 255 255
16 23 255 255 255
16 24 255 255 255
16 25 255 255 255
16 26 255 255 255
16 27 255 255 255
16 28 0 92 178
16 29 0 92 178
16 30 0 92 178
16 31 255 255 255
17 0 255 255 255
17 1 49 162 190
17 2 49 162 190
17 3 49 162 190
17 4 255 255 255
17 5 255 255 255
17 6 255 255 255
17 7 255 255 255
17 8 255 255 255
17 9 255 255 255
17 10 255 255 255
17 11 255 255 255
17 12 255 255 255
17 13 255 255 255
17 14 255 255 255
17 15 49 162 190
17 16 49 162 190
17 17 255 255 255
17 18 255 255 255
17 19 255 255 255
17 20 49 162 190
17 21 49 162 190
17 22 49 162 190
17 23 49 162 190
17 24 49 162 190
17 25 49 162 190
17 26 49 162 190
17 27 49 162 190
17 28 49 162 190
17 29 49 162 190
17 30 49 162 190
17 31 255 255 255
18 0 255 255 255
18 1 49 162 190
18 2 49 162 190
18 3 49 162 190
18 4 255 255 255
18 5 255 255 255
18 6 255 255 255
18 7 49 162 190
18 8 255 255 255
18 9 255 255 255
18 10 255 255 255
18 11 49 162 190
18 12 255 255 255
18 13 255 255 255
18 14 255 255 255
18 15 49 162 190
18 16 49 162 190
18 17 255 255 255
18 18 255 255 255
18 19 255 255 255
18 20 49 162 190
18 21 49 162 190
18 22 49 162 190
18 23 49 162 190
18 24 49 162 190
18 25 49 162 190
18 26 49 162 190
18 27 49 162 190
18 28 49 162 190
18 29 49 162 190
18 30 49 162 190
18 31 255 255 255
19 0 255 255 255
19 1 49 162 190
19 2 49 162 190
19 3 49 162 190
19 4 255 255 255
19 5 255 255 255
19 6 255 255 255
19 7 49 162 190
19 8 255 255 255
19 9 255 255 255
19 10 255 255 255
19 11 49 162 190
19 12 255 255 255
19 13 255 255 255
19 14 255 255 255
19 15 49 162 190
19 16 49 162 190
19 17 255 255 255
19 18 255 255 255
19 19 255 255 255
19 20 255 255 255
19 21 255 255 255
19 22 255 255 255
19 23 255 255 255
19 24 255 255 255
19 25 255 255 255
19 26 255 255 255
19 27 49 162 190
19 28 49 162 190
19 29 49 162 190
19 30 49 162 190
19 31 255 255 255
20 0 255 255 255
20 1 49 162 190
20 2 49 162 190
20 3 49 162 190
20 4 255 255 255
20 5 255 255 255
20 6 255 255 255
20 7 49 162 190
20 8 255 255 255
20 9 255 255 255
20 10 255 255 255
20 11 49 162 190
20 12 255 255 255
20 13 255 255 255
20 14 255 255 255
20 15 49 162 190
20 16 49 162 190
20 17 255 255 255
20 18 255 255 255
20 19 255 255 255
20 20 255 255 255
20 21 255 255 255
20 22 255 255 255
20 23 255 255 255
20 24 255 255 255
20 25 255 255 255
20 26 255 255 255
20 27 49 162 190
20 28 49 162 190
20 29 49 162 190
20 30 49 162 190
20 31 255 255 255
21 0 255 255 255
21 1 21 189 109
21 2 21 189 109
21 3 21 189 109
21 4 255 255 255
21 5 255 255 255
21 6 255 255 255
21 7 21 189 109
21 8 255 255 255
21 9 255 255 255
21 10 255 255 255
21 11 21 189 109
21 12 255 255 255
21 13 255 255 255
21 14 255 255 255
21 15 21 189 109
21 16 21 189 109
21 17 255 255 255
21 18 255 255 255
21 19 255 255 255
21 20 21 189 109
21 21 21 189 109
21 22 21 189 109
21 23 21 189 109
21 24 21 189 109
21 25 21 189 109
21 26 21 189 109
21 27 21 189 109
21 28 21 189 109
21 29 21 189 109
21 30 21 189 109
21 31 255 255 255
22 0 255 255 255
22 1 21 189 109
22 2 21 189 109
22 3 21 189 109
22 4 255 255 255
22 5 255 255 255
22 6 255 255 255
22 7 21 189 109
22 8 255 255 255
22 9 255 255 255
22 10 255 255 255
22 11 21 189 109
22 12 255 255 255
22 13 255 255 255
22 14 255 255 255
22 15 21 189 109
22 16 21 189 109
22 17 255 255 255
22 18 255 255 255
22 19 255 255 255
22 20 21 189 109
22 21 21 189 109
22 22 21 189 109
22 23 21 189 109
22 24 21 189 109
22 25 21 189 109
22 26 21 189 109
22 27 21 189 109
22 28 21 189 109
22 29 21 189 109
22 30 21 189 109
22 31 255 255 255
23 0 255 255 255
23 1 21 189 109
23 2 21 189 109
23 3 21 189 109
23 4 255 255 255
23 5 255 255 255
23 6 255 255 255
23 7 21 189 109
23 8 255 255 255
23 9 255 255 255
23 10 255 255 255
23 11 21 189 109
23 12 255 255 255
23 13 255 255 255
23 14 255 255 255
23 15 21 189 109
23 16 21 189 109
23 17 255 255 255
23 18 255 255 255
23 19 255 255 255
23 20 255 255 255
23 21 255 255 255
23 22 255 255 255
23 23 255 255 255
23 24 255 255 255
23 25 255 255 255
23 26 255 255 255
23 27 255 255 255
23 28 21 189 109
23 29 21 189 109
23 30 21 189 109
23 31 255 255 255
24 0 255 255 255
24 1 21 189 109
24 2 21 189 109
24 3 21 189 109
24 4 255 255 255
24 5 255 255 255
24 6 255 255 255
24 7 21 189 109
24 8 255 255 255
24 9 255 255 255
24 10 255 255 255
24 11 21 189 109
24 12 255 255 255
24 13 255 255 255
24 14 255 255 255
24 15 21 189 109
24 16 21 189 109
24 17 21 189 109
24 18 255 255 255
24 19 255 255 255
24 20 255 255 255
24 21 255 255 255
24 22 255 255 255
24 23 255 255 255
24 24 255 255 255
24 25 255 255 255
24 26 255 255 255
24 27 255 255 255
24 28 21 189 109
24 29 21 189 109
24 30 21 189 109
24 31 255 255 255
25 0 255 255 255
25 1 21 189 109
25 2 21 189 109
25 3 21 189 109
25 4 21 189 109
25 5 21 189 109
25 6 21 189 109
25 7 21 189 109
25 8 21 189 109
25 9 21 189 109
25 10 21 189 109
25 11 21 189 109
25 12 21 189 109
25 13 21 189 109
25 14 21 189 109
25 15 21 189 109
25 16 21 189 109
25 17 21 189 109
25 18 21 189 109
25 19 21 189 109
25 20 21 189 109
25 21 21 189 109
25 22 21 189 109
25 23 21 189 109
25 24 21 189 109
25 25 21 189 109
25 26 21 189 109
25 27 21 189 109
25 28 21 189 109
25 29 21 189 109
25 30 21 189 109
25 31 255 255 255
26 0 255 255 255
26 1 21 189 109
26 2 21 189 109
26 3 21 189 109
26 4 21 189 109
26 5 21 189 109
26 6 21 189 109
26 7 21 189 109
26 8 21 189 109
26 9 21 189 109
26 10 21 189 109
26 11 21 189 109
26 12 21 189 109
26 13 21 189 109
26 14 21 189 109
26 15 21 189 109
26 16 21 189 109
26 17 21 189 109
26 18 21 189 109
26 19 21 189 109
26 20 21 189 109
26 21 21 189 109
26 22 21 189 109
26 23 21 189 109
26 24 21 189 109
26 25 21 189 109
26 26 21 189 109
26 27 21 189 109
26 28 21 189 109
26 29 21 189 109
26 30 21 189 109
26 31 255 255 255
27 0 255 255 255
27 1 21 189 109
27 2 21 189 109
27 3 255 255 255
27 4 21 189 109
27 5 255 255 255
27 6 21 189 109
27 7 255 255 255
27 8 21 189 109
27 9 255 255 255
27 10 21 189 109
27 11 255 255 255
27 12 21 189 109
27 13 21 189 109
27 14 255 255 255
27 15 21 189 109
27 16 255 255 255
27 17 21 189 109
27 18 255 255 255
27 19 21 189 109
27 20 255 255 255
27 21 21 189 109
27 22 255 255 255
27 23 21 189 109
27 24 255 255 255
27 25 21 189 109
27 26 255 255 255
27 27 21 189 109
27 28 255 255 255
27 29 21 189 109
27 30 21 189 109
27 31 255 255 255
28 0 255 255 255
28 1 21 189 109
28 2 21 189 109
28 3 21 189 109
28 4 21 189 109
28 5 21 189 109
28 6 21 189 109
28 7 21 189 109
28 8 21 189 109
28 9 21 189 109
28 10 21 189 109
28 11 21 189 109
28 12 21 189 109
28 13 21 189 109
28 14 21 189 109
28 15 21 189 109
28 16 21 189 109
28 17 21 189 109
28 18 21 189 109
28 19 21 189 109
28 20 21 189 109
28 21 21 189 109
28 22 21 189 109
28 23 21 189 109
28 24 21 189 109
28 25 21 189 109
28 26 21 189 109
28 27 21 189 109
28 28 21 189 109
28 29 21 189 109
28 30 21 189 109
28 31 255 255 255
29 0 255 255 255
29 1 255 255 255
29 2 21 189 109
29 3 21 189 109
29 4 21 189 109
29 5 21 189 109
29 6 21 189 109
29 7 21 189 109
29 8 21 189 109
29 9 21 189 109
29 10 21 189 109
29 11 21 189 109
29 12 21 189 109
29 13 21 189 109
29 14 21 189 109
29 15 21 189 109
29 16 21 189 109
29 17 21 189 109
29 18 21 189 109
29 19 21 189 109
29 20 21 189 109
29 21 21 189 109
29 22 21 189 109
29 23 21 189 109
29 24 21 189 109
29 25 21 189 109
29 26 21 189 109
29 27 21 189 109
29 28 21 189 109
29 29 21 189 109
29 30 255 255 255
29 31 255 255 255
30 0 255 255 255
30 1 255 255 255
30 2 255 255 255
30 3 255 255 255
30 4 255 255 255
30 5 255 255 255
30 6 255 255 255
30 7 255 255 255
30 8 255 255 255
30 9 255 255 255
30 10 255 255 255
30 11 255 255 255
30 12 255 255 255
30 13 255 255 255
30 14 255 255 255
30 15 255 255 255
30 16 255 255 255
30 17 255 255 255
30 18 255 255 255
30 19 255 255 255
30 20 255 255 255
30 21 255 255 255
30 22 255 255 255
30 23 255 255 255
30 24 255 255 255
30 25 255 255 255
30 26 255 255 255
30 27 255 255 255
30 28 255 255 255
30 29 255 255 255
30 30 255 255 255
30 31 255 255 255
31 0 255 255 255
31 1 255 255 255
31 2 255 255 255
31 3 255 255 255
31 4 255 255 255
31 5 255 255 255
31 6 255 255 255
31 7 255 255 255
31 8 255 255 255
31 9 255 255 255
31 10 255 255 255
31 11 255 255 255
31 12 255 255 255
31 13 255 255 255
31 14 255 255 255
31 15 255 255 255
31 16 255 255 255
31 17 255 255 255
31 18 255 255 255
31 19 255 255 255
31 20 255 255 255
31 21 255 255 255
31 22 255 255 255
31 23 255 255 255
31 24 255 255 255
31 25 255 255 255
31 26 255 255 255
31 27 255 255 255
31 28 255 255 255
31 29 255 255 255
31 30 255 255 255
31 31 255 255 255