0 0 255 255 255
0 1 255 255 255
0 2 255 255 255
0 3 255 255 255
0 4 255 255 255
0 5 255 255 255
0 6 255 255 255
0 7 255 255 255
0 8 255 255 255
0 9 255 255 255
0 10 255 255 255
0 11 255 255 255
0 12 255 255 255
0 13 255 255 255
0 14 255 255 255
0 15 255 255 255
0 16 255 255 255
0 17 255 255 255
0 18 255 255 255
0 19 255 255 255
0 20 255 255 255
0 21 255 255 255
0 22 255 255 255
0 23 255 255 255
0 24 255 255 255
0 25 255 255 255
0 26 255 255 255
0 27 255 255 255
0 28 255 255 255
0 29 255 255 255
0 30 255 255 255
0 31 255 255 255
1 0 255 255 255
1 1 255 255 255
1 2 255 255 255
1 3 255 255 255
1 4 255 255 255
1 5 255 255 255
1 6 255 255 255
1 7 255 255 255
1 8 255 255 255
1 9 255 255 255
1 10 255 255 255
1 11 255 255 255
1 12 255 255 255
1 13 255 255 255
1 14 255 255 255
1 15 255 255 255
1 16 255 255 255
1 17 255 255 255
1 18 255 255 255
1 19 255 255 255
1 20 255 255 255
1 21 255 255 255
1 22 255 255 255
1 23 255 255 255
1 24 255 255 255
1 25 255 255 255
1 26 255 255 255
1 27 255 255 255
1 28 255 255 255
1 29 255 255 255
1 30 255 255 255
1 31 255 255 255
2 0 255 255 255
2 1 255 255 255
2 2 255 255 255
2 3 255 255 255
2 4 255 255 255
2 5 255 255 255
2 6 255 255 255
2 7 255 255 255
2 8 255 255 255
2 9 255 255 255
2 10 255 255 255
2 11 255 255 255
2 12 255 255 255
2 13 255 255 255
2 14 255 255 255
2 15 255 255 255
2 16 255 255 255
2 17 255 255 255
2 18 255 255 255
2 19 255 255 255
2 20 255 255 255
2 21 255 255 255
2 22 255 255 255
2 23 255 255 255
2 24 255 255 255
2 25 255 255 255
2 26 255 255 255
2 27 255 255 255
2 28 255 255 255
2 29 255 255 255
2 30 255 255 255
2 31 255 255 255
3 0 255 255 255
3 1 255 255 255
3 2 255 255 255
3 3 255 255 255
3 4 255 255 255
3 5 255 255 255
3 6 255 255 255
3 7 255 255 255
3 8 255 255 255
3 9 255 255 255
3 10 255 255 255
3 11 0 0 0
3 12 0 0 0
3 13 0 0 0
3 14 0 0 0
3 15 0 0 0
3 16 0 0 0
3 17 0 0 0
3 18 255 255 255
3 19 255 255 255
3 20 255 255 255
3 21 255 255 255
3 22 255 255 255
3 23 255 255 255
3 24 255 255 255
3 25 255 255 255
3 26 255 255 255
3 27 255 255 255
3 28 255 255 255
3 29 255 255 255
3 30 255 255 255
3 31 255 255 255
4 0 255 255 255
4 1 255 255 255
4 2 255 255 255
4 3 255 255 255
4 4 255 255 255
4 5 255 255 255
4 6 255 255 255
4 7 255 255 255
4 8 255 255 255
4 9 255 255 255
4 10 0 0 0
4 11 255 0 0
4 12 255 0 0
4 13 255 0 0
4 14 255 0 0
4 15 255 0 0
4 16 255 0 0
4 17 255 0 0
4 18 0 0 0
4 19 255 255 255
4 20 255 255 255
4 21 255 255 255
4 22 255 255 255
4 23 255 255 255
4 24 255 255 255
4 25 255 255 255
4 26 255 255 255
4 27 255 255 255
4 28 255 255 255
4 29 255 255 255
4 30 255 255 255
4 31 255 255 255
5 0 255 255 255
5 1 255 255 255
5 2 255 255 255
5 3 255 255 255
5 4 255 255 255
5 5 255 255 255
5 6 255 255 255
5 7 255 255 255
5 8 255 255 255
5 9 0 0 0
5 10 255 0 0
5 11 255 0 0
5 12 255 0 0
5 13 255 0 0
5 14 255 0 0
5 15 255 0 0
5 16 255 0 0
5 17 255 0 0
5 18 255 0 0
5 19 0 0 0
5 20 255 255 255
5 21 255 255 255
5 22 255 255 255
5 23 255 255 255
5 24 255 255 255
5 25 255 255 255
5 26 255 255 255
5 27 255 255 255
5 28 255 255 255
5 29 255 255 255
5 30 255 255 255
5 31 255 255 255
6 0 255 255 255
6 1 255 255 255
6 2 255 255 255
6 3 255 255 255
6 4 255 255 255
6 5 255 255 255
6 6 255 255 255
6 7 255 255 255
6 8 0 0 0
6 9 255 0 0
6 10 255 0 0
6 11 255 0 0
6 12 255 0 0
6 13 255 0 0
6 14 255 0 0
6 15 255 0 0
6 16 255 0 0
6 17 255 0 0
6 18 255 0 0
6 19 255 0 0
6 20 0 0 0
6 21 255 255 255
6 22 255 255 255
6 23 255 255 255
6 24 255 255 255
6 25 255 255 255
6 26 255 255 255
6 27 255 255 255
6 28 255 255 255
6 29 255 255 255
6 30 255 255 255
6 31 255 255 255
7 0 255 255 255
7 1 255 255 255
7 2 255 255 255
7 3 255 255 255
7 4 255 255 255
7 5 255 255 255
7 6 255 255 255
7 7 0 0 0
7 8 255 0 0
7 9 0 0 0
7 10 0 0 0
7 11 255 0 0
7 12 255 0 0
7 13 255 0 0
7 14 255 0 0
7 15 255 0 0
7 16 255 0 0
7 17 255 0 0
7 18 0 0 0
7 19 0 0 0
7 20 255 0 0
7 21 0 0 0
7 22 255 255 255
7 23 255 255 255
7 24 255 255 255
7 25 255 255 255
7 26 255 255 255
7 27 255 255 255
7 28 255 255 255
7 29 255 255 255
7 30 255 255 255
7 31 255 255 255
8 0 255 255 255
8 1 255 255 255
8 2 255 255 255
8 3 255 255 255
8 4 255 255 255
8 5 255 255 255
8 6 255 255 255
8 7 0 0 0
8 8 0 0 0
8 9 255 255 255
8 10 255 255 255
8 11 0 0 0
8 12 255 0 0
8 13 255 0 0
8 14 255 0 0
8 15 255 0 0
8 16 255 0 0
8 17 0 0 0
8 18 255 255 255
8 19 255 255 255
8 20 0 0 0
8 21 0 0 0
8 22 255 255 255
8 23 255 255 255
8 24 255 255 255
8 25 255 255 255
8 26 255 255 255
8 27 255 255 255
8 28 255 255 255
8 29 255 255 255
8 30 255 255 255
8 31 255 255 255
9 0 255 255 255
9 1 255 255 255
9 2 255 255 255
9 3 255 255 255
9 4 255 255 255
9 5 255 255 255
9 6 255 255 255
9 7 0 0 0
9 8 255 255 255
9 9 255 255 255
9 10 255 255 255
9 11 255 255 255
9 12 0 0 0
9 13 255 0 0
9 14 255 0 0
9 15 255 0 0
9 16 0 0 0
9 17 255 255 255
9 18 255 255 255
9 19 255 255 255
9 20 255 255 255
9 21 0 0 0
9 22 255 255 255
9 23 255 255 255
9 24 255 255 255
9 25 255 255 255
9 26 255 255 255
9 27 255 255 255
9 28 255 255 255
9 29 255 255 255
9 30 255 255 255
9 31 255 255 255
10 0 255 255 255
10 1 255 255 255
10 2 255 255 255
10 3 255 255 255
10 4 255 255 255
10 5 255 255 255
10 6 255 255 255
10 7 0 0 0
10 8 255 255 255
10 9 255 255 255
10 10 255 255 255
10 11 255 255 255
10 12 255 255 255
10 13 0 0 0
10 14 255 0 0
10 15 0 0 0
10 16 255 255 255
10 17 255 255 255
10 18 255 255 255
10 19 255 255 255
10 20 255 255 255
10 21 0 0 0
10 22 255 255 255
10 23 255 255 255
10 24 255 255 255
10 25 255 255 255
10 26 255 255 255
10 27 255 255 255
10 28 255 255 255
10 29 255 255 255
10 30 255 255 255
10 31 255 255 255
11 0 255 255 255
11 1 255 255 255
11 2 255 255 255
11 3 255 255 255
11 4 255 255 255
11 5 255 255 255
11 6 255 255 255
11 7 0 0 0
11 8 255 255 255
11 9 255 255 255
11 10 255 255 255
11 11 255 255 255
11 12 255 255 255
11 13 255 255 255
11 14 0 0 0
11 15 255 255 255
11 16 255 255 255
11 17 255 255 255
11 18 255 255 255
11 19 255 255 255
11 20 255 255 255
11 21 0 0 0
11 22 255 255 255
11 23 255 255 255
11 24 255 255 255
11 25 255 255 255
11 26 255 255 255
11 27 255 255 255
11 28 255 255 255
11 29 255 255 255
11 30 255 255 255
11 31 255 255 255
12 0 255 255 255
12 1 255 255 255
12 2 255 255 255
12 3 255 255 255
12 4 255 255 255
12 5 255 255 255
12 6 255 255 255
12 7 0 0 0
12 8 255 255 255
12 9 255 255 255
12 10 255 255 255
12 11 255 255 255
12 12 255 255 255
12 13 255 255 255
12 14 0 0 0
12 15 255 255 255
12 16 255 255 255
12 17 255 255 255
12 18 255 255 255
12 19 255 255 255
12 20 255 255 255
12 21 0 0 0
12 22 255 255 255
12 23 255 255 255
12 24 255 255 255
12 25 255 255 255
12 26 255 255 255
12 27 255 255 255
12 28 255 255 255
12 29 255 255 255
12 30 255 255 255
12 31 255 255 255
13 0 255 255 255
13 1 255 255 255
13 2 255 255 255
13 3 255 255 255
13 4 255 255 255
13 5 255 255 255
13 6 255 255 255
13 7 255 255 255
13 8 0 0 0
13 9 0 0 0
13 10 255 255 255
13 11 255 255 255
13 12 255 255 255
13 13 0 0 0
13 14 255 0 0
13 15 0 0 0
13 16 255 255 255
13 17 255 255 255
13 18 255 255 255
13 19 0 0 0
13 20 0 0 0
13 21 255 255 255
13 22 255 255 255
13 23 255 255 255
13 24 255 255 255
13 25 255 255 255
13 26 255 255 255
13 27 255 255 255
13 28 255 255 255
13 29 255 255 255
13 30 255 255 255
13 31 255 255 255
14 0 255 255 255
14 1 255 255 255
14 2 255 255 255
14 3 255 255 255
14 4 255 255 255
14 5 255 255 255
14 6 255 255 255
14 7 255 255 255
14 8 0 0 0
14 9 255 0 0
14 10 0 0 0
14 11 0 0 0
14 12 0 0 0
14 13 255 0 0
14 14 255 0 0
14 15 255 0 0
14 16 0 0 0
14 17 0 0 0
14 18 0 0 0
14 19 255 0 0
14 20 0 0 0
14 21 255 255 255
14 22 255 255 255
14 23 255 255 255
14 24 255 255 255
14 25 255 255 255
14 26 255 255 255
14 27 255 255 255
14 28 255 255 255
14 29 255 255 255
14 30 255 255 255
14 31 255 255 255
15 0 255 255 255
15 1 255 255 255
15 2 255 255 255
15 3 255 255 255
15 4 255 255 255
15 5 255 255 255
15 6 255 255 255
15 7 255 255 255
15 8 255 255 255
15 9 0 0 0
15 10 255 0 0
15 11 255 0 0
15 12 255 0 0
15 13 255 0 0
15 14 255 0 0
15 15 255 0 0
15 16 255 0 0
15 17 255 0 0
15 18 255 0 0
15 19 0 0 0
15 20 0 0 0
15 21 255 255 255
15 22 255 255 255
15 23 255 255 255
15 24 255 255 255
15 25 255 255 255
15 26 255 255 255
15 27 255 255 255
15 28 255 255 255
15 29 255 255 255
15 30 255 255 255
15 31 255 255 255
16 0 255 255 255
16 1 255 255 255
16 2 255 255 255
16 3 255 255 255
16 4 255 255 255
16 5 255 255 255
16 6 255 255 255
16 7 255 255 255
16 8 255 255 255
16 9 255 255 255
16 10 0 0 0
16 11 0 0 0
16 12 255 0 0
16 13 255 0 0
16 14 255 0 0
16 15 255 0 0
16 16 255 0 0
16 17 0 0 0
16 18 0 0 0
16 19 255 255 255
16 20 255 255 255
16 21 255 255 255
16 22 255 255 255
16 23 255 255 255
16 24 255 255 255
16 25 255 255 255
16 26 255 255 255
16 27 255 255 255
16 28 255 255 255
16 29 255 255 255
16 30 255 255 255
16 31 255 255 255
17 0 255 255 255
17 1 255 255 255
17 2 255 255 255
17 3 255 255 255
17 4 255 255 255
17 5 255 255 255
17 6 255 255 255
17 7 255 255 255
17 8 255 255 255
17 9 0 0 0
17 10 255 0 0
17 11 255 0 0
17 12 0 0 0
17 13 0 0 0
17 14 0 0 0
17 15 0 0 0
17 16 0 0 0
17 17 255 0 0
17 18 255 0 0
17 19 0 0 0
17 20 255 255 255
17 21 255 255 255
17 22 255 255 255
17 23 255 255 255
17 24 255 255 255
17 25 255 255 255
17 26 255 255 255
17 27 255 255 255
17 28 255 255 255
17 29 255 255 255
17 30 255 255 255
17 31 255 255 255
18 0 255 255 255
18 1 255 255 255
18 2 255 255 255
18 3 255 255 255
18 4 255 255 255
18 5 255 255 255
18 6 255 255 255
18 7 255 255 255
18 8 0 0 0
18 9 255 0 0
18 10 255 0 0
18 11 255 0 0
18 12 255 0 0
18 13 255 0 0
18 14 0 0 0
18 15 255 0 0
18 16 255 0 0
18 17 255 0 0
18 18 255 0 0
18 19 255 0 0
18 20 0 0 0
18 21 255 255 255
18 22 255 255 255
18 23 255 255 255
18 24 255 255 255
18 25 255 255 255
18 26 255 255 255
18 27 255 255 255
18 28 255 255 255
18 29 255 255 255
18 30 255 255 255
18 31 255 255 255
19 0 255 255 255
19 1 255 255 255
19 2 255 255 255
19 3 255 255 255
19 4 255 255 255
19 5 255 255 255
19 6 255 255 255
19 7 0 0 0
19 8 54 89 210
19 9 54 89 210
19 10 0 0 0
19 11 54 89 210
19 12 255 0 0
19 13 0 0 0
19 14 0 0 0
19 15 0 0 0
19 16 255 0 0
19 17 54 89 210
19 18 0 0 0
19 19 54 89 210
19 20 54 89 210
19 21 0 0 0
19 22 255 255 255
19 23 255 255 255
19 24 255 255 255
19 25 255 255 255
19 26 255 255 255
19 27 255 255 255
19 28 255 255 255
19 29 255 255 255
19 30 255 255 255
19 31 255 255 255
20 0 255 255 255
20 1 255 255 255
20 2 255 255 255
20 3 255 255 255
20 4 255 255 255
20 5 255 255 255
20 6 0 0 0
20 7 255 0 0
20 8 255 0 0
20 9 54 89 210
20 10 0 0 0
20 11 54 89 210
20 12 0 0 0
20 13 255 0 0
20 14 0 0 0
20 15 255 0 0
20 16 0 0 0
20 17 54 89 210
20 18 0 0 0
20 19 54 89 210
20 20 255 0 0
20 21 255 0 0
20 22 0 0 0
20 23 255 255 255
20 24 255 255 255
20 25 255 255 255
20 26 255 255 255
20 27 255 255 255
20 28 255 255 255
20 29 255 255 255
20 30 255 255 255
20 31 255 255 255
21 0 255 255 255
21 1 255 255 255
21 2 255 255 255
21 3 255 255 255
21 4 255 255 255
21 5 255 255 255
21 6 0 0 0
21 7 255 0 0
21 8 255 0 0
21 9 0 0 0
21 10 0 0 0
21 11 255 0 0
21 12 255 0 0
21 13 255 0 0
21 14 255 0 0
21 15 255 0 0
21 16 255 0 0
21 17 255 0 0
21 18 0 0 0
21 19 0 0 0
21 20 255 0 0
21 21 255 0 0
21 22 0 0 0
21 23 255 255 255
21 24 255 255 255
21 25 255 255 255
21 26 255 255 255
21 27 255 255 255
21 28 255 255 255
21 29 255 255 255
21 30 255 255 255
21 31 255 255 255
22 0 255 255 255
22 1 255 255 255
22 2 255 255 255
22 3 255 255 255
22 4 255 255 255
22 5 255 255 255
22 6 255 255 255
22 7 0 0 0
22 8 0 0 0
22 9 255 255 255
22 10 0 0 0
22 11 54 89 210
22 12 54 89 210
22 13 54 89 210
22 14 54 89 210
22 15 54 89 210
22 16 54 89 210
22 17 54 89 210
22 18 0 0 0
22 19 255 255 255
22 20 0 0 0
22 21 0 0 0
22 22 255 255 255
22 23 255 255 255
22 24 255 255 255
22 25 255 255 255
22 26 255 255 255
22 27 255 255 255
22 28 255 255 255
22 29 255 255 255
22 30 255 255 255
22 31 255 255 255
23 0 255 255 255
23 1 255 255 255
23 2 255 255 255
23 3 255 255 255
23 4 255 255 255
23 5 255 255 255
23 6 255 255 255
23 7 255 255 255
23 8 255 255 255
23 9 0 0 0
23 10 54 89 210
23 11 54 89 210
23 12 54 89 210
23 13 54 89 210
23 14 54 89 210
23 15 54 89 210
23 16 54 89 210
23 17 54 89 210
23 18 54 89 210
23 19 0 0 0
23 20 255 255 255
23 21 255 255 255
23 22 255 255 255
23 23 255 255 255
23 24 255 255 255
23 25 255 255 255
23 26 255 255 255
23 27 255 255 255
23 28 255 255 255
23 29 255 255 255
23 30 255 255 255
23 31 255 255 255
24 0 255 255 255
24 1 255 255 255
24 2 255 255 255
24 3 255 255 255
24 4 255 255 255
24 5 255 255 255
24 6 255 255 255
24 7 255 255 255
24 8 255 255 255
24 9 0 0 0
24 10 54 89 210
24 11 54 89 210
24 12 54 89 210
24 13 0 0 0
24 14 0 0 0
24 15 0 0 0
24 16 54 89 210
24 17 54 89 210
24 18 54 89 210
24 19 0 0 0
24 20 255 255 255
24 21 255 255 255
24 22 255 255 255
24 23 255 255 255
24 24 255 255 255
24 25 255 255 255
24 26 255 255 255
24 27 255 255 255
24 28 255 255 255
24 29 255 255 255
24 30 255 255 255
24 31 255 255 255
25 0 255 255 255
25 1 255 255 255
25 2 255 255 255
25 3 255 255 255
25 4 255 255 255
25 5 255 255 255
25 6 255 255 255
25 7 255 255 255
25 8 0 0 0
25 9 0 0 0
25 10 255 0 0
25 11 255 0 0
25 12 0 0 0
25 13 255 255 255
25 14 255 255 255
25 15 255 255 255
25 16 0 0 0
25 17 255 0 0
25 18 255 0 0
25 19 0 0 0
25 20 0 0 0
25 21 255 255 255
25 22 255 255 255
25 23 255 255 255
25 24 255 255 255
25 25 255 255 255
25 26 255 255 255
25 27 255 255 255
25 28 255 255 255
25 29 255 255 255
25 30 255 255 255
25 31 255 255 255
26 0 255 255 255
26 1 255 255 255
26 2 255 255 255
26 3 255 255 255
26 4 255 255 255
26 5 255 255 255
26 6 255 255 255
26 7 255 255 255
26 8 0 0 0
26 9 255 0 0
26 10 255 0 0
26 11 255 0 0
26 12 0 0 0
26 13 255 255 255
26 14 255 255 255
26 15 255 255 255
26 16 0 0 0
26 17 255 0 0
26 18 255 0 0
26 19 255 0 0
26 20 0 0 0
26 21 255 255 255
26 22 255 255 255
26 23 255 255 255
26 24 255 255 255
26 25 255 255 255
26 26 255 255 255
26 27 255 255 255
26 28 255 255 255
26 29 255 255 255
26 30 255 255 255
26 31 255 255 255
27 0 255 255 255
27 1 255 255 255
27 2 255 255 255
27 3 255 255 255
27 4 255 255 255
27 5 255 255 255
27 6 255 255 255
27 7 255 255 255
27 8 0 0 0
27 9 0 0 0
27 10 0 0 0
27 11 0 0 0
27 12 0 0 0
27 13 255 255 255
27 14 255 255 255
27 15 255 255 255
27 16 0 0 0
27 17 0 0 0
27 18 0 0 0
27 19 0 0 0
27 20 0 0 0
27 21 255 255 255
27 22 255 255 255
27 23 255 255 255
27 24 255 255 255
27 25 255 255 255
27 26 255 255 255
27 27 255 255 255
27 28 255 255 255
27 29 255 255 255
27 30 255 255 255
27 31 255 255 255
28 0 255 255 255
28 1 255 255 255
28 2 255 255 255
28 3 255 255 255
28 4 255 255 255
28 5 255 255 255
28 6 255 255 255
28 7 255 255 255
28 8 255 255 255
28 9 255 255 255
28 10 255 255 255
28 11 255 255 255
28 12 255 255 255
28 13 255 255 255
28 14 255 255 255
28 15 255 255 255
28 16 255 255 255
28 17 255 255 255
28 18 255 255 255
28 19 255 255 255
28 20 255 255 255
28 21 255 255 255
28 22 255 255 255
28 23 255 255 255
28 24 255 255 255
28 25 255 255 255
28 26 255 255 255
28 27 255 255 255
28 28 255 255 255
28 29 255 255 255
28 30 255 255 255
28 31 255 255 255
29 0 255 255 255
29 1 255 255 255
29 2 255 255 255
29 3 255 255 255
29 4 255 255 255
29 5 255 255 255
29 6 255 255 255
29 7 255 255 255
29 8 255 255 255
29 9 255 255 255
29 10 255 255 255
29 11 255 255 255
29 12 255 255 255
29 13 255 255 255
29 14 255 255 255
29 15 255 255 255
29 16 255 255 255
29 17 255 255 255
29 18 255 255 255
29 19 255 255 255
29 20 255 255 255
29 21 255 255 255
29 22 255 255 255
29 23 255 255 255
29 24 255 255 255
29 25 255 255 255
29 26 255 255 255
29 27 255 255 255
29 28 255 255 255
29 29 255 255 255
29 30 255 255 255
29 31 255 255 255
30 0 255 255 255
30 1 255 255 255
30 2 255 255 255
30 3 255 255 255
30 4 255 255 255
30 5 255 255 255
30 6 255 255 255
30 7 255 255 255
30 8 255 255 255
30 9 255 255 255
30 10 255 255 255
30 11 255 255 255
30 12 255 255 255
30 13 255 255 255
30 14 255 255 255
30 15 255 255 255
30 16 255 255 255
30 17 255 255 255
30 18 255 255 255
30 19 255 255 255
30 20 255 255 255
30 21 255 255 255
30 22 255 255 255
30 23 255 255 255
30 24 255 255 255
30 25 255 255 255
30 26 255 255 255
30 27 255 255 255
30 28 255 255 255
30 29 255 255 255
30 30 255 255 255
30 31 255 255 255
31 0 255 255 255
31 1 255 255 255
31 2 255 255 255
31 3 255 255 255
31 4 255 255 255
31 5 255 255 255
31 6 255 255 255
31 7 255 255 255
31 8 255 255 255
31 9 255 255 255
31 10 255 255 255
31 11 255 255 255
31 12 255 255 255
31 13 255 255 255
31 14 255 255 255
31 15 255 255 255
31 16 255 255 255
31 17 255 255 255
31 18 255 255 255
31 19 255 255 255
31 20 255 255 255
31 21 255 255 255
31 22 255 255 255
31 23 255 255 255
31 24 255 255 255
31 25 255 255 255
31 26 255 255 255
31 27 255 255 255
31 28 255 255 255
31 29 255 255 255
31 30 255 255 255
31 31 255 255 255
